z1: -1.000000
z2: -2.000000
